wt5i32asi41idleading =  22/9 (I32i[x, y] + 
  1/2 (I41i[x, 1/y] + I41i[x, x/y] + 3 I41i[x, y] + I41i[x, y/x] - I41i[y, x/y] - I41i[y, y/x]));
  
wt5i32asi41idli5s = ( - L5c[1/9, -1, {-3, -1, 0, -1, 3}] 
 - L5c[1/9, -1, {-2, 1, -1, -1, 0}] 
 - L5c[1/9, -1, {-1, 1, -1, -2, 3}] 
 + L5c[1/9, -1, {-1, 3, 0, -2, 1}] 
 - L5c[1/9, -1, {1, -3, -2, 3, 0}] 
 - L5c[1/9, -1, {1, -2, -3, 0, 1}] 
 + L5c[1/9, -1, {1, 0, 0, -1, -2}] 
 + L5c[1/9, -1, {1, 0, 0, -1, 2}] 
 - L5c[1/9, -1, {1, 1, -1, 2, 0}] 
 - L5c[1/9, -1, {2, -1, -3, 3, -1}] 
 + L5c[1/9, -1, {2, 0, -3, 1, -1}] 
 - L5c[1/9, -1, {2, 0, -1, 3, -3}] 
 - L5c[1/9, -1, {2, 1, -1, 1, -3}] 
 - L5c[1/9, -1, {3, -1, -3, 2, 0}] 
 + L5c[1/9, 1, {-3, 1, -1, 0, 2}] 
 + L5c[1/9, 1, {-2, 3, 0, -1, -1}] 
 - L5c[1/9, 1, {-1, -3, -1, 0, 3}] 
 - L5c[1/9, 1, {-1, -1, 0, -3, 2}] 
 - L5c[1/9, 1, {-1, 2, -2, 1, 0}] 
 + L5c[1/9, 1, {0, -3, -1, -1, 2}] 
 - L5c[1/9, 1, {0, -2, -3, 1, 3}] 
 + L5c[1/9, 1, {0, 1, -1, -3, 1}] 
 + L5c[1/9, 1, {0, 1, -1, 3, -2}] 
 + L5c[1/9, 1, {0, 2, -2, 0, -1}] 
 + L5c[1/9, 1, {0, 2, -2, 0, 1}] 
 + L5c[1/9, 1, {1, 0, -3, 2, 1}] 
 - L5c[1/9, 1, {1, 2, -2, -1, 0}] 
 + L5c[1/9, 1, {3, -3, -2, 1, 1}] 
 + L5c[1/9, 1, {3, 0, -1, 2, -1}] 
 + L5c[1/9, 1, {3, 1, -1, 0, -1}] 
 + L5c[1/6, 1, {1, 0, -1, 0, 0}] 
 + L5c[5/27, -1, {-1, 0, -1, -3, 3}] 
 + L5c[5/27, -1, {2, -3, -1, 3, 0}] 
 + L5c[5/27, 1, {1, -3, -2, 0, 3}] 
 - L5c[5/18, 1, {-1, 0, 0, -2, 2}] 
 - L5c[5/18, 1, {0, -2, -1, 0, 2}] 
 + L5c[7/18, 1, {0, 0, -1, 0, 0}] 
 - L5c[7/18, 1, {1, -2, -1, 2, 0}] 
 - L5c[4/9, -1, {0, -2, -1, 0, 1}] 
 - L5c[4/9, -1, {0, 0, -1, 2, -1}] 
 - L5c[4/9, -1, {0, 1, -1, 0, -1}] 
 - L5c[4/9, -1, {0, 1, -1, 0, 1}] 
 + L5c[4/9, -1, {1, -1, -2, 2, 0}] 
 + L5c[4/9, -1, {1, 1, 0, 0, -2}] 
 - L5c[4/9, 1, {-2, 0, 0, -1, 1}] 
 + L5c[4/9, 1, {-1, 1, -1, 1, 0}] 
 + L5c[4/9, 1, {0, -1, 0, -1, 0}] 
 - L5c[4/9, 1, {0, 0, 2, -1, -1}] 
 - L5c[4/9, 1, {1, 0, 0, -1, -1}] 
 - L5c[4/9, 1, {1, 0, 0, -1, 1}] 
 + L5c[4/9, 1, {1, 1, -1, -1, 0}] 
 + L5c[4/9, 1, {2, -1, -2, 1, 0}] 
 + L5c[5/9, -1, {0, -1, -2, 0, 1}] 
 + L5c[5/9, -1, {0, 0, 1, 1, -2}] 
 - L5c[5/9, -1, {2, -2, -1, 1, 0}] 
 - L5c[5/9, -1, {2, -1, 0, 0, -1}] 
 + L5c[5/9, 1, {-2, 0, 0, -1, 2}] 
 + L5c[5/9, 1, {-1, 0, 0, -2, 1}] 
 - L5c[5/9, 1, {-1, 2, 0, 0, -1}] 
 + L5c[5/9, 1, {0, -1, -2, 0, 2}] 
 - L5c[5/9, 1, {0, 1, 0, -2, 0}] 
 - L5c[5/9, 1, {0, 2, 0, -1, 0}] 
 - L5c[2/3, -1, {0, -1, -1, 1, 1}] 
 - L5c[2/3, -1, {1, -1, -1, 0, 0}] 
 + L5c[2/3, -1, {1, 0, 0, -1, 0}] 
 + L5c[2/3, 1, {-1, 0, -1, 0, 1}] 
 + L5c[2/3, 1, {0, -1, -1, 1, 0}] 
 + L5c[2/3, 1, {0, 0, 0, 0, -1}] 
 + L5c[2/3, 1, {0, 0, 0, 1, -1}] 
 + L5c[2/3, 1, {1, -1, -1, 1, 0}] 
 - L5c[2/3, 1, {1, 0, 0, -1, 0}] 
 + L5c[1, -1, {-1, -1, -1, 0, 2}] 
 + L5c[1, -1, {-1, -1, 0, -1, 2}] 
 + L5c[1, -1, {-1, 1, -1, 0, 0}] 
 - L5c[1, -1, {-1, 1, 0, 0, -1}] 
 - L5c[1, -1, {-1, 2, 0, -1, 0}] 
 + L5c[1, -1, {0, -2, -1, 1, 1}] 
 + L5c[1, -1, {0, -1, -1, -1, 1}] 
 - L5c[1, -1, {0, 0, 1, -1, -1}] 
 + L5c[1, -1, {0, 1, -1, -1, 1}] 
 + L5c[1, -1, {0, 1, -1, 1, 0}] 
 + L5c[1, -1, {1, -1, -2, 1, 1}] 
 - L5c[1, -1, {1, 0, -2, 1, 0}] 
 + L5c[1, -1, {1, 0, -1, 2, -1}] 
 + L5c[1, -1, {1, 1, -1, 0, -1}] 
 - L5c[1, 1, {-1, -1, 0, -1, 1}] 
 + L5c[1, 1, {-1, 0, 0, -1, 0}] 
 + L5c[1, 1, {-1, 0, 0, -1, 2}] 
 - L5c[1, 1, {-1, 1, -1, 0, 1}] 
 - L5c[1, 1, {0, 0, 0, -2, 1}] 
 - L5c[1, 1, {0, 1, -1, -1, 0}] 
 - L5c[1, 1, {0, 1, -1, 1, -1}] 
 - L5c[1, 1, {0, 1, 0, -1, 1}] 
 - L5c[1, 1, {1, -2, -1, 0, 1}] 
 + L5c[1, 1, {1, -1, -2, 1, 0}] 
 + L5c[1, 1, {1, -1, -1, 2, -1}] 
 - L5c[1, 1, {1, 0, -1, 0, -1}] 
 - L5c[1, 1, {1, 1, -1, 0, 0}] 
 - L5c[1, 1, {2, -1, -1, 1, 0}] 
 + L5c[1, 1, {2, 0, -1, 1, -1}] 
 - L5c[1, 1, {2, 0, 0, 0, -1}] 
 - L5c[23/18, 1, {-1, 0, 0, 0, 0}] 
 - L5c[4/3, -1, {0, -1, -1, 0, 1}] 
 - L5c[4/3, 1, {-1, 0, 0, -1, 1}] 
 - L5c[5/3, -1, {-1, 0, -1, 0, 1}] 
 - L5c[5/3, -1, {-1, 1, 0, -1, 1}] 
 - L5c[5/3, -1, {0, -1, -1, -1, 2}] 
 + L5c[5/3, -1, {0, 1, 0, 0, -1}] 
 - L5c[5/3, -1, {1, -2, -1, 1, 1}] 
 - L5c[5/3, -1, {1, -1, -1, 0, 1}] 
 + L5c[5/3, -1, {1, 1, 0, 0, -1}] 
 - L5c[5/3, 1, {-1, 1, 0, -2, 1}] 
 - L5c[5/3, 1, {-1, 1, 0, -1, 0}] 
 + L5c[5/3, 1, {-1, 1, 0, -1, 1}] 
 + L5c[5/3, 1, {0, -1, -1, 1, 1}] 
 + L5c[5/3, 1, {0, -1, 0, -1, 1}] 
 - L5c[5/3, 1, {0, 0, -1, -1, 1}] 
 - L5c[5/3, 1, {0, 1, 0, 0, 0}] 
 + L5c[5/3, 1, {1, -1, -1, 0, 0}] 
 - L5c[103/54, 1, {-1, 0, -1, 0, 0}] 
 + L5c[107/54, 1, {1, 0, -2, 0, 0}] 
 - L5c[8/3, -1, {0, -1, 0, -1, 1}] 
 + L5c[8/3, -1, {0, 0, -1, 0, 1}] 
 - L5c[8/3, -1, {0, 0, 0, 0, -1}] 
 - L5c[8/3, -1, {0, 1, -1, 0, 0}] 
 + L5c[8/3, -1, {1, 0, -1, 1, 0}] 
 + L5c[8/3, 1, {0, 1, -1, 0, 0}] 
 + L5c[8/3, 1, {0, 1, 0, -1, 0}] 
 + L5c[8/3, 1, {1, 0, -1, 1, -1}] 
 - L5c[8/3, 1, {1, 0, -1, 1, 0}] 
 - L5c[157/54, 1, {2, 0, -1, 0, 0}] 
 + L5c[3, -1, {1, 0, -1, 1, -1}] 
 + L5c[3, 1, {1, 1, 0, 0, -1}] 
 - L5c[11/3, -1, {-1, 1, 0, -1, 0}] 
 - L5c[11/3, -1, {0, 0, -1, 1, 0}] 
 + L5c[11/3, 1, {0, 0, 0, 1, 0}] 
 - L5c[11/3, 1, {1, 0, 0, 0, -1}] 
 + L5c[4, -1, {0, -1, -1, 1, 0}] 
 - L5c[14/3, -1, {0, 0, -1, -1, 1}] 
 - L5c[14/3, 1, {1, -1, -1, 0, 1}] 
 + L5c[20/3, -1, {-1, 1, 0, 0, 0}] );